[[0, 0, 0, 1.4142135623730951],
 [0, 0, 1, 1.7320508075688772],
 [0, 0, 2, 2.449489742783178],
 [0, 0, 3, 3.3166247903554],
 [0, 0, 4, 4.242640687119285],
 [0, 1, 0, 2.23606797749979],
 [0, 1, 1, 2.449489742783178],
 [0, 1, 2, 3.0],
 [0, 1, 3, 3.7416573867739413],
 [0, 1, 4, 4.58257569495584],
 [0, 2, 0, 2.8284271247461903],
 [0, 2, 1, 3.0],
 [0, 2, 2, 3.4641016151377544],
 [0, 2, 3, 4.123105625617661],
 [0, 2, 4, 4.898979485566356],
 [0, 3, 0, 3.3166247903554],
 [0, 3, 1, 3.4641016151377544],
 [0, 3, 2, 3.872983346207417],
 [0, 3, 3, 4.47213595499958],
 [0, 3, 4, 5.196152422706632],
 [0, 4, 0, 3.7416573867739413],
 [0, 4, 1, 3.872983346207417],
 [0, 4, 2, 4.242640687119285],
 [0, 4, 3, 4.795831523312719],
 [0, 4, 4, 5.477225575051661],
 [1, 0, 0, -0.2679491924311228],
 [1, 0, 1, 0.0],
 [1, 0, 2, 0.6457513110645907],
 [1, 0, 3, 1.4641016151377544],
 [1, 0, 4, 2.358898943540674],
 [1, 1, 0, 0.4494897427831779],
 [1, 1, 1, 0.6457513110645907],
 [1, 1, 2, 1.1622776601683795],
 [1, 1, 3, 1.872983346207417],
 [1, 1, 4, 2.6904157598234297],
 [1, 2, 0, 1.0],
 [1, 2, 1, 1.1622776601683795],
 [1, 2, 2, 1.6055512754639891],
 [1, 2, 3, 2.2426406871192848],
 [1, 2, 4, 3.0],
 [1, 3, 0, 1.4641016151377544],
 [1, 3, 1, 1.6055512754639891],
 [1, 3, 2, 2.0],
 [1, 3, 3, 2.58257569495584],
 [1, 3, 4, 3.2915026221291814],
 [1, 4, 0, 1.872983346207417],
 [1, 4, 1, 2.0],
 [1, 4, 2, 2.358898943540674],
 [1, 4, 3, 2.8989794855663558],
 [1, 4, 4, 3.5677643628300215],
 [2, 0, 0, -2.1522409349774265],
 [2, 0, 1, -1.8989970103845413],
 [2, 0, 2, -1.2770946468205886],
 [2, 0, 3, -0.4766190154379988],
 [2, 0, 4, 0.40615632523099343],
 [2, 1, 0, -1.4673702279304432],
 [2, 1, 1, -1.2770946468205886],
 [2, 1, 2, -0.7728939338204119],
 [2, 1, 3, -0.0739060680654755],
 [2, 1, 4, 0.7343651699433895],
 [2, 2, 0, -0.9317409557905485],
 [2, 2, 1, -0.7728939338204119],
 [2, 2, 2, -0.3374580463326984],
 [2, 2, 3, 0.29117857498066524],
 [2, 2, 4, 1.0412511901682793],
 [2, 3, 0, -0.4766190154379988],
 [2, 3, 1, -0.3374580463326984],
 [2, 3, 2, 0.05144586072344026],
 [2, 3, 3, 0.6275494122022183],
 [2, 3, 4, 1.330498434703184],
 [2, 4, 0, -0.0739060680654755],
 [2, 4, 1, 0.05144586072344026],
 [2, 4, 2, 0.40615632523099343],
 [2, 4, 3, 0.9410741304268138],
 [2, 4, 4, 1.6048384064460857],
 [3, 0, 0, -4.068148347421864],
 [3, 0, 1, -3.8246722528389254],
 [3, 0, 2, -3.219343457460293],
 [3, 0, 3, -2.431800060595136],
 [3, 0, 4, -1.557922692301621],
 [3, 1, 0, -3.4053804117811652],
 [3, 1, 1, -3.219343457460293],
 [3, 1, 2, -2.724019107569631],
 [3, 1, 3, -2.033635063743015],
 [3, 1, 4, -1.232185950818879],
 [3, 2, 0, -2.8803764958622207],
 [3, 2, 1, -2.724019107569631],
 [3, 2, 2, -2.294321815433931],
 [3, 2, 3, -1.671946071550301],
 [3, 2, 4, -0.9273231122444949],
 [3, 3, 0, -2.431800060595136],
 [3, 3, 1, -2.294321815433931],
 [3, 3, 2, -1.909517044703783],
 [3, 3, 3, -1.338235226057746],
 [3, 3, 4, -0.6397713847664228],
 [3, 4, 0, -2.033635063743015],
 [3, 4, 1, -1.909517044703783],
 [3, 4, 2, -1.5579226923016218],
 [3, 4, 3, -1.0268671033674481],
 [3, 4, 4, -0.36687912365011677],
 [4, 0, 0, -6.0],
 [4, 0, 1, -5.76393202250021],
 [4, 0, 2, -5.17157287525381],
 [4, 0, 3, -4.39444872453601],
 [4, 0, 4, -3.5278640450004204],
 [4, 1, 0, -5.354248688935409],
 [4, 1, 1, -5.17157287525381],
 [4, 1, 2, -4.6833752096446],
 [4, 1, 3, -4.0],
 [4, 1, 4, -3.204168476687281],
 [4, 2, 0, -4.83772233983162],
 [4, 2, 1, -4.6833752096446],
 [4, 2, 2, -4.258342613226059],
 [4, 2, 3, -3.641101056459326],
 [4, 2, 4, -2.9009804864072155],
 [4, 3, 0, -4.39444872453601],
 [4, 3, 1, -4.258342613226059],
 [4, 3, 2, -3.8768943743823394],
 [4, 3, 3, -3.3095842401765703],
 [4, 3, 4, -2.6148351928654963],
 [4, 4, 0, -4.0],
 [4, 4, 1, -3.8768943743823394],
 [4, 4, 2, -3.5278640450004204],
 [4, 4, 3, -3.0],
 [4, 4, 4, -2.3431457505076194]]
