[[0, 0, 0, 0.0],
 [0, 0, 1, 1.0],
 [0, 0, 2, 2.0],
 [0, 0, 3, 3.0],
 [0, 0, 4, 4.0],
 [0, 1, 0, 1.7320508075688772],
 [0, 1, 1, 2.0],
 [0, 1, 2, 2.6457513110645907],
 [0, 1, 3, 3.4641016151377544],
 [0, 1, 4, 4.358898943540674],
 [0, 2, 0, 2.449489742783178],
 [0, 2, 1, 2.6457513110645907],
 [0, 2, 2, 3.1622776601683795],
 [0, 2, 3, 3.872983346207417],
 [0, 2, 4, 4.69041575982343],
 [0, 3, 0, 3.0],
 [0, 3, 1, 3.1622776601683795],
 [0, 3, 2, 3.605551275463989],
 [0, 3, 3, 4.242640687119285],
 [0, 3, 4, 5.0],
 [0, 4, 0, 3.4641016151377544],
 [0, 4, 1, 3.605551275463989],
 [0, 4, 2, 4.0],
 [0, 4, 3, 4.58257569495584],
 [0, 4, 4, 5.291502622129181],
 [1, 0, 0, 1.0],
 [1, 0, 1, 1.4142135623730951],
 [1, 0, 2, 2.23606797749979],
 [1, 0, 3, 3.1622776601683795],
 [1, 0, 4, 4.123105625617661],
 [1, 1, 0, 2.0],
 [1, 1, 1, 2.23606797749979],
 [1, 1, 2, 2.8284271247461903],
 [1, 1, 3, 3.605551275463989],
 [1, 1, 4, 4.47213595499958],
 [1, 2, 0, 2.6457513110645907],
 [1, 2, 1, 2.8284271247461903],
 [1, 2, 2, 3.3166247903554],
 [1, 2, 3, 4.0],
 [1, 2, 4, 4.795831523312719],
 [1, 3, 0, 3.1622776601683795],
 [1, 3, 1, 3.3166247903554],
 [1, 3, 2, 3.7416573867739413],
 [1, 3, 3, 4.358898943540674],
 [1, 3, 4, 5.0990195135927845],
 [1, 4, 0, 3.605551275463989],
 [1, 4, 1, 3.7416573867739413],
 [1, 4, 2, 4.123105625617661],
 [1, 4, 3, 4.69041575982343],
 [1, 4, 4, 5.385164807134504],
 [2, 0, 0, 1.189207115002721],
 [2, 0, 1, 1.5537739740300374],
 [2, 0, 2, 2.3268462696046543],
 [2, 0, 3, 3.227106066179588],
 [2, 0, 4, 4.17303409552008],
 [2, 1, 0, 2.1010029896154587],
 [2, 1, 1, 2.3268462696046543],
 [2, 1, 2, 2.9007263852995675],
 [2, 1, 3, 3.6625419536673016],
 [2, 1, 4, 4.518209110075927],
 [2, 2, 0, 2.7229053531794114],
 [2, 2, 1, 2.9007263852995675],
 [2, 2, 2, 3.378492794482933],
 [2, 2, 3, 4.05144586072344],
 [2, 2, 4, 4.83882357214779],
 [2, 3, 0, 3.227106066179588],
 [2, 3, 1, 3.378492794482933],
 [2, 3, 2, 3.796605531573315],
 [2, 3, 3, 4.406156325230993],
 [2, 3, 4, 5.13947600075855],
 [2, 4, 0, 3.6625419536673016],
 [2, 4, 1, 3.796605531573315],
 [2, 4, 2, 4.17303409552008],
 [2, 4, 3, 4.7343651699433895],
 [2, 4, 4, 5.423487214179922],
 [3, 0, 0, 1.3160740129524924],
 [3, 0, 1, 1.6528916502810695],
 [3, 0, 2, 2.3941701709713277],
 [3, 0, 3, 3.275980892430369],
 [3, 0, 4, 4.210944170559482],
 [3, 1, 0, 2.1753277471610746],
 [3, 1, 1, 2.3941701709713277],
 [3, 1, 2, 2.955004366759697],
 [3, 1, 3, 3.705678184566069],
 [3, 1, 4, 4.553246183501269],
 [3, 2, 0, 2.780656542539707],
 [3, 2, 1, 2.955004366759697],
 [3, 2, 2, 3.425208140765883],
 [3, 2, 3, 4.090482955296217],
 [3, 2, 4, 4.871555276045719],
 [3, 3, 0, 3.275980892430369],
 [3, 3, 1, 3.425208140765883],
 [3, 3, 2, 3.838235376780439],
 [3, 3, 3, 4.442077307698378],
 [3, 3, 4, 5.170304711288192],
 [3, 4, 0, 3.705678184566069],
 [3, 4, 1, 3.838235376780439],
 [3, 4, 2, 4.210944170559481],
 [3, 4, 3, 4.767814049181121],
 [3, 4, 4, 5.452710409289024],
 [4, 0, 0, 1.4142135623730951],
 [4, 0, 1, 1.7320508075688772],
 [4, 0, 2, 2.449489742783178],
 [4, 0, 3, 3.3166247903554],
 [4, 0, 4, 4.242640687119285],
 [4, 1, 0, 2.23606797749979],
 [4, 1, 1, 2.449489742783178],
 [4, 1, 2, 3.0],
 [4, 1, 3, 3.7416573867739413],
 [4, 1, 4, 4.58257569495584],
 [4, 2, 0, 2.8284271247461903],
 [4, 2, 1, 3.0],
 [4, 2, 2, 3.4641016151377544],
 [4, 2, 3, 4.123105625617661],
 [4, 2, 4, 4.898979485566356],
 [4, 3, 0, 3.3166247903554],
 [4, 3, 1, 3.4641016151377544],
 [4, 3, 2, 3.872983346207417],
 [4, 3, 3, 4.47213595499958],
 [4, 3, 4, 5.196152422706632],
 [4, 4, 0, 3.7416573867739413],
 [4, 4, 1, 3.872983346207417],
 [4, 4, 2, 4.242640687119285],
 [4, 4, 3, 4.795831523312719],
 [4, 4, 4, 5.477225575051661]]
